# infantry 8mm 20250318

image_width: 1440
image_height: 1080
camera_name: narrow_stereo
camera_matrix:
  rows: 3
  cols: 3
  data: [2417.167010,    0.000000,  727.252634,
            0.000000, 2416.753228,  562.629652,
            0.000000,    0.000000,    1.000000]
distortion_model: plumb_bob
distortion_coefficients:
  rows: 1
  cols: 5
  data: [0.006897, -0.135468, -0.001363, 0.000168, 0.000000]
rectification_matrix:
  rows: 3
  cols: 3
  data: [1.000000, 0.000000, 0.000000,
         0.000000, 1.000000, 0.000000,
         0.000000, 0.000000, 1.000000]
projection_matrix:
  rows: 3
  cols: 4
  data: [2414.625244,    0.000000,  726.881570,    0.000000,
            0.000000, 2414.715576,  561.628129,    0.000000,
            0.000000,    0.000000,    1.000000,    0.000000]