# infantry 8mm 20250327 yuanxu & jinjiaju

image_width: 1440
image_height: 1080
camera_name: narrow_stereo
camera_matrix:
  rows: 3
  cols: 3
  data: [2406.564842, 0.000000, 747.931914,
  	0.000000, 2409.363929, 548.456657,
  	0.000000, 0.000000, 1.000000]
distortion_model: plumb_bob
distortion_coefficients:
  rows: 1
  cols: 5
  data: [-0.022929, -0.079355, 0.000840, 0.002737, 0.000000]
rectification_matrix:
  rows: 3
  cols: 3
  data: [1.000000, 0.000000, 0.000000,
         0.000000, 1.000000, 0.000000,
         0.000000, 0.000000, 1.000000]
projection_matrix:
  rows: 3
  cols: 4
  data: [2397.845215, 0.000000, 749.396019, 0.000000,
	0.000000, 2404.354248, 548.290005, 0.000000,
	0.000000, 0.000000, 1.000000, 0.000000]
